1.220000028610229492e+00 -2.025066375732421875e+00 -2.501841401681303978e-03
1.629999995231628418e+00 -2.212655544281005859e+00 -2.104077953845262527e-03
2.190000057220458984e+00 -2.341682195663452148e+00 1.380113698542118073e-02
3.352600097656250000e+00 -2.457024812698364258e+00 -8.964040316641330719e-03
3.519999980926513672e+00 -2.466487169265747070e+00 1.141882594674825668e-02
4.449999809265136719e+00 -2.504267930984497070e+00 3.274953458458185196e-03
4.602799892425537109e+00 -2.508791923522949219e+00 -3.858111053705215454e-02
5.659999847412109375e+00 -2.532432556152343750e+00 2.756173349916934967e-02
7.670000076293945312e+00 -2.557168960571289062e+00 6.391377653926610947e-03
1.156079959869384766e+01 -2.577943325042724609e+00 -6.902527064085006714e-02
1.539999961853027344e+01 -2.586968421936035156e+00 7.422631233930587769e-02
2.336000061035156250e+01 -2.595194578170776367e+00 -1.555373985320329666e-02
