-1.214956266336455704e+00
-1.216319537337256618e+00
-1.217681756261023596e+00
-1.219042319247834794e+00
-1.220401630292104578e+00
-1.221759489346283534e+00
-1.223116098044863209e+00
-1.224471256948868936e+00
-1.225824967459132608e+00
-1.227177430303408645e+00
-1.228528446951423492e+00
-1.229878018803590933e+00
-1.231226345685017209e+00
-1.232573428095395274e+00
-1.233918870884449293e+00
-1.235263071403929658e+00
-1.236606030157151537e+00
-1.237947550718907053e+00
-1.239287634489429024e+00
-1.240626479204206767e+00
-1.241963889332968307e+00
-1.243300062018372287e+00
-1.244634802324947609e+00
-1.245968111652464572e+00
-1.247300186256985022e+00
-1.248630832091162102e+00
-1.249960244822653666e+00
-1.251288230994386241e+00
-1.252614792005561251e+00
-1.253940122643864674e+00
-1.255264030333580472e+00
-1.256586709278390890e+00
-1.257907967488354428e+00
-1.259227998584881547e+00
-1.260546611162031372e+00
-1.261863806618307882e+00
-1.263179777704323214e+00
-1.264494524949754783e+00
-1.265807858111315021e+00
-1.267119778587407319e+00
-1.268430287775716092e+00
-1.269739766895988664e+00
-1.271047646749499105e+00
-1.272354308269773027e+00
-1.273659751994684619e+00
-1.274963789697934891e+00
-1.276266422776902498e+00
-1.277567840824241463e+00
-1.278867856471128439e+00
-1.280166658741737962e+00
-1.281464060837144592e+00
-1.282760251214734248e+00
-1.284055043643748117e+00
-1.285348439520343389e+00
-1.286640626454272462e+00
-1.287931604996059853e+00
-1.289221190046062393e+00
-1.290509383000031818e+00
-1.291796370344290956e+00
-1.293082152634011051e+00
-1.294366545893794074e+00
-1.295649551518919695e+00
-1.296931354878971376e+00
-1.298211772836609823e+00
-1.299490990205567575e+00
-1.300768824405491797e+00
-1.302045459695922558e+00
-1.303320714051798390e+00
-1.304594771180120905e+00
-1.305867449609427355e+00
-1.307138932495833350e+00
-1.308409038919787548e+00
-1.309677951488163572e+00
-1.310945489831639499e+00
-1.312211836009490096e+00
-1.313476810200944644e+00
-1.314740593919314859e+00
-1.316003007890708343e+00
-1.317264233084107783e+00
-1.318524270076526950e+00
-1.319782761377155555e+00
-1.321040245482159703e+00
-1.322296365172485277e+00
-1.323551121839655842e+00
-1.324804694829383012e+00
-1.326056907038679844e+00
-1.327307937275417293e+00
-1.328557608975186932e+00
-1.329806100409631320e+00
-1.331053412165844829e+00
-1.332299368484826996e+00
-1.333544146837459365e+00
-1.334787571999249911e+00
-1.336029645359391393e+00
-1.337270543590389993e+00
-1.338510267285126121e+00
-1.339748642283185021e+00
-1.340985844463494558e+00
-1.342221700195256329e+00
-1.343456384829917027e+00
-1.344689898965603980e+00
-1.345922069763521023e+00
-1.347152898611070349e+00
-1.348382559809444992e+00
-1.349611053960415363e+00
-1.350838209274747959e+00
-1.352064199270668121e+00
-1.353288852681330479e+00
-1.354512342504534006e+00
-1.355734497994220300e+00
-1.356955491629326938e+00
-1.358175324018363161e+00
-1.359393825194063155e+00
-1.360611166860551835e+00
-1.361827179567398627e+00
-1.363042034503723299e+00
-1.364255562734344451e+00
-1.365467934934926131e+00
-1.366679151720454399e+00
-1.367889044926259068e+00
-1.369097784461268619e+00
-1.370305202672147393e+00
-1.371511468958189095e+00
-1.372716583939007418e+00
-1.373920380725925261e+00
-1.375122860700661587e+00
-1.376324359251621665e+00
-1.377524542741596525e+00
-1.378723412551790206e+00
-1.379921136310314767e+00
-1.381117714642823291e+00
-1.382312982430483395e+00
-1.383507106548327981e+00
-1.384699922379563075e+00
-1.385891761294242297e+00
-1.387082128935615666e+00
-1.388271520921660951e+00
-1.389459444391919707e+00
-1.390646393471014042e+00
-1.391832040542930082e+00
-1.393016550490557393e+00
-1.394199760691128054e+00
-1.395381835532928827e+00
-1.396562775652791411e+00
-1.397742419169586192e+00
-1.398920929733026730e+00
-1.400098307982568624e+00
-1.401274392775338162e+00
-1.402449347025773507e+00
-1.403623010080920830e+00
-1.404795544366501669e+00
-1.405966950525886050e+00
-1.407137068638742328e+00
-1.408306060401016691e+00
-1.409473926458581827e+00
-1.410640507620385398e+00
-1.411805964855856965e+00
-1.412970298813328140e+00
-1.414133351027696328e+00
-1.415295281745123868e+00
-1.416456091616353996e+00
-1.417615622898919181e+00
-1.418774035118949284e+00
-1.419931171013522953e+00
-1.421087189630190872e+00
-1.422242091623269866e+00
-1.423395877648196972e+00
-1.424548391397845393e+00
-1.425699790967969394e+00
-1.426849920526612969e+00
-1.427999093948435272e+00
-1.429146843132680145e+00
-1.430293637498924575e+00
-1.431439165909075273e+00
-1.432583585041297347e+00
-1.433726895557739800e+00
-1.434868943279773212e+00
-1.436009884181515428e+00
-1.437149718927267283e+00
-1.438288294041419668e+00
-1.439425764797203522e+00
-1.440562131861028439e+00
-1.441697242457084194e+00
-1.442831251160860084e+00
-1.443964158640833162e+00
-1.445095965566499219e+00
-1.446226520090497569e+00
-1.447355975863196198e+00
-1.448484333556102177e+00
-1.449611442014215656e+00
-1.450737454197424281e+00
-1.451862370779202660e+00
-1.452986041293735653e+00
-1.454108768925426842e+00
-1.455230252297846416e+00
-1.456350492771503857e+00
-1.457469792163389677e+00
-1.458587850466193769e+00
-1.459704818814301364e+00
-1.460820548338131575e+00
-1.461935189718581052e+00
-1.463048743635727567e+00
-1.464161210770584587e+00
-1.465272591805095281e+00
-1.466382738999866930e+00
-1.467491801909540872e+00
-1.468599781217824640e+00
-1.469706529858897159e+00
-1.470812196715268083e+00
-1.471916782472367791e+00
-1.473020287816522833e+00
-1.474122566575549076e+00
-1.475223766740807907e+00
-1.476323889000298095e+00
-1.477422934042893043e+00
-1.478520902558338568e+00
-1.479617649484108899e+00
-1.480713321705338981e+00
-1.481807774600383931e+00
-1.482901299707033660e+00
-1.483993607311263840e+00
-1.485084843418985834e+00
-1.486175008723954472e+00
-1.487264103920757252e+00
-1.488351985704356784e+00
-1.489438799206665553e+00
-1.490524545123771194e+00
-1.491609224152577129e+00
-1.492692693858765240e+00
-1.493775098505471410e+00
-1.494856581490843217e+00
-1.495936715414651452e+00
-1.497015929076215945e+00
-1.498093938422606852e+00
-1.499171028477739531e+00
-1.500246916050185453e+00
-1.501321602485045537e+00
-1.502395371520610867e+00
-1.503467941251821260e+00
-1.504539594563755411e+00
-1.505610050406331668e+00
-1.506679310122649218e+00
-1.507747655321794111e+00
-1.508814806230309724e+00
-1.509881043610464824e+00
-1.510946088537304943e+00
-1.512010081640330350e+00
-1.513072884549949260e+00
-1.514134776341434341e+00
-1.515195479778154608e+00
-1.516255134647702008e+00
-1.517313741660381909e+00
-1.518371301527199568e+00
-1.519427814959856349e+00
-1.520483145057230923e+00
-1.521537567967394144e+00
-1.522590809384399169e+00
-1.523643007635267388e+00
-1.524694026650569079e+00
-1.525744140919079062e+00
-1.526793214165690138e+00
-1.527841110942125047e+00
-1.528887968541198905e+00
-1.529933787679471635e+00
-1.530978569074149753e+00
-1.532022313443084149e+00
-1.533064886365985702e+00
-1.534106559043753926e+00
-1.535147062122173001e+00
-1.536186531459482696e+00
-1.537224967775768558e+00
-1.538262371791732752e+00
-1.539298744228690063e+00
-1.540334085808564568e+00
-1.541368263740164890e+00
-1.542401545975824018e+00
-1.543433666412966865e+00
-1.544464759288721067e+00
-1.545494825327083266e+00
-1.546523865252633412e+00
-1.547551879790530993e+00
-1.548578737558674145e+00
-1.549604703698678865e+00
-1.550629514920760288e+00
-1.551653435569153583e+00
-1.552676203152509649e+00
-1.553697950107357562e+00
-1.554718677161897267e+00
-1.555738385044874494e+00
-1.556757074485576320e+00
-1.557774615891826642e+00
-1.558791270834924525e+00
-1.559806779598080340e+00
-1.560821402965936633e+00
-1.561834882009280445e+00
-1.562847347388119257e+00
-1.563858928979413587e+00
-1.564869369030841062e+00
-1.565878797615819940e+00
-1.566887215467945405e+00
-1.567894494955272666e+00
-1.568900893738442326e+00
-1.569906283992218432e+00
-1.570910538667166900e+00
-1.571913914262420997e+00
-1.572916156137013965e+00
-1.573917520018645266e+00
-1.574917752038514251e+00
-1.575916980332765949e+00
-1.576915205638916406e+00
-1.577912555134375783e+00
-1.578908776487636612e+00
-1.579903997068361488e+00
-1.580898217615872348e+00
-1.581891313193018123e+00
-1.582883536083744769e+00
-1.583874761161572442e+00
-1.584864989167567018e+00
-1.585854220843220252e+00
-1.586842332200222527e+00
-1.587829573629840452e+00
-1.588815820955824076e+00
-1.589800950755697828e+00
-1.590785212291926376e+00
-1.591768358164261210e+00
-1.592750636885463367e+00
-1.593731801805453152e+00
-1.594712100689535061e+00
-1.595691287635525812e+00
-1.596669486805326610e+00
-1.597646821616939716e+00
-1.598623047285754772e+00
-1.599598287416167608e+00
-1.600572664872027762e+00
-1.601545935981218527e+00
-1.602518223793121699e+00
-1.603489529055403651e+00
-1.604459973896902092e+00
-1.605429316120945415e+00
-1.606397678040760058e+00
-1.607365181236795282e+00
-1.608331584613101883e+00
-1.609297009933663647e+00
-1.610261457948553909e+00
-1.611225049510861096e+00
-1.612187544984458931e+00
-1.613149065404839266e+00
-1.614109731082413290e+00
-1.615069303470116457e+00
-1.616027903059918058e+00
-1.616985649621985210e+00
-1.617942305693350624e+00
-1.618897991224896415e+00
-1.619852825448968137e+00
-1.620806571981751265e+00
-1.621759468356812395e+00
-1.622711278907052801e+00
-1.623662240451551053e+00
-1.624612235624407486e+00
-1.625561147772366821e+00
-1.626509212646787050e+00
-1.627456313417259715e+00
-1.628402333962775783e+00
-1.629347508971794145e+00
-1.630291722146938183e+00
-1.631234974245501013e+00
-1.632177266025026219e+00
-1.633118598243304964e+00
-1.634058971658370885e+00
-1.634998387028498756e+00
-1.635936845112200722e+00
-1.636874461965804661e+00
-1.637811007578900968e+00
-1.638746598182758918e+00
-1.639681349312501313e+00
-1.640615032002954665e+00
-1.641547876392454031e+00
-1.642479768466170498e+00
-1.643410594901672406e+00
-1.644340584799651062e+00
-1.645269624665426367e+00
-1.646197715260681482e+00
-1.647124857347297411e+00
-1.648051051687346780e+00
-1.648976412096152311e+00
-1.649900713059215374e+00
-1.650824068563315539e+00
-1.651746591912602424e+00
-1.652668170988610630e+00
-1.653588694353822497e+00
-1.654508387344813647e+00
-1.655427138354592209e+00
-1.656344948147596696e+00
-1.657261817488425937e+00
-1.658177747141834635e+00
-1.659092849060749053e+00
-1.660006901466188012e+00
-1.660920127331877438e+00
-1.661832416235919263e+00
-1.662743658427108029e+00
-1.663654075873773674e+00
-1.664563558657722542e+00
-1.665472217562832258e+00
-1.666379833155216650e+00
-1.667286626070471289e+00
-1.668192377539958526e+00
-1.669097307535524877e+00
-1.670001307140229541e+00
-1.670904377122212292e+00
-1.671806518249721041e+00
-1.672707731291111166e+00
-1.673608125544839842e+00
-1.674507484555473713e+00
-1.675406025988161574e+00
-1.676303642082401124e+00
-1.677200333607781646e+00
-1.678096101333977685e+00
-1.678990946030749054e+00
-1.679884975855133522e+00
-1.680778083865312578e+00
-1.681670163769138915e+00
-1.682561430624978760e+00
-1.683451777978794306e+00
-1.684341313179809063e+00
-1.685229823681430261e+00
-1.686117523250717731e+00
-1.687004306081255178e+00
-1.687890172944958689e+00
-1.688775124613795420e+00
-1.689659161859779823e+00
-1.690542390910997561e+00
-1.691424706764822927e+00
-1.692306110194129465e+00
-1.693186601971825134e+00
-1.694066182870851200e+00
-1.694944958325830253e+00
-1.695822824131808293e+00
-1.696699781062535051e+00
-1.697575829891782018e+00
-1.698450971393337339e+00
-1.699325206341005368e+00
-1.700198742941200658e+00
-1.701071166789134503e+00
-1.701942893211310315e+00
-1.702813509056764429e+00
-1.703683428400113664e+00
-1.704552445210462119e+00
-1.705420560263079865e+00
-1.706287774333230089e+00
-1.707154088196164210e+00
-1.708019707255654662e+00
-1.708884222720672641e+00
-1.709748044315187787e+00
-1.710610764484999713e+00
-1.711472791719062414e+00
-1.712333922783352724e+00
-1.713194158454391047e+00
-1.714053499508663592e+00
-1.714912148890481935e+00
-1.715769702735069790e+00
-1.716626565849920683e+00
-1.717482335592182663e+00
-1.718337415549126446e+00
-1.719191604941063156e+00
-1.720044904545575459e+00
-1.720897315140190287e+00
-1.721749037239139302e+00
-1.722599671844509128e+00
-1.723449618906239822e+00
-1.724298480633597253e+00
-1.725146655770935844e+00
-1.725993945963209208e+00
-1.726840351988871758e+00
-1.727685874626298412e+00
-1.728530711988715884e+00
-1.729374469886318710e+00
-1.730217543469790398e+00
-1.731059736183620856e+00
-1.731901048807138910e+00
-1.732741482119577459e+00
-1.733581036900075034e+00
-1.734419713927669360e+00
-1.735257708943272803e+00
-1.736094827174553767e+00
-1.736930875028436905e+00
-1.737766242324966237e+00
-1.738600928962854342e+00
-1.739434547856675284e+00
-1.740267293865519482e+00
-1.741099360677947239e+00
-1.741930555581338691e+00
-1.742760879356321402e+00
-1.743590332783394814e+00
-1.744418916642927364e+00
-1.745246631715154484e+00
-1.746073669946768936e+00
-1.746899649495725182e+00
-1.747724953187033803e+00
-1.748549390635126377e+00
-1.749373152634584372e+00
-1.750195859651620944e+00
-1.751017702768070450e+00
-1.751838871918013574e+00
-1.752659178156454001e+00
-1.753478622264836195e+00
-1.754297205024442308e+00
-1.755115115229281209e+00
-1.755931977350459583e+00
-1.756748167911286851e+00
-1.757563499680813601e+00
-1.758377973440803377e+00
-1.759191589972844749e+00
-1.760004536373022788e+00
-1.760816440511719039e+00
-1.761627675518639968e+00
-1.762438055861285990e+00
-1.763247582321642470e+00
-1.764056440592722819e+00
-1.764864261354310626e+00
-1.765671414931668792e+00
-1.766477717196093700e+00
-1.767283168929898451e+00
-1.768087770915193646e+00
-1.768891707174910399e+00
-1.769694611731844391e+00
-1.770496851573483799e+00
-1.771298244241374276e+00
-1.772098972653816107e+00
-1.772898673045864237e+00
-1.773697710196926902e+00
-1.774495902754043231e+00
-1.775293251499974856e+00
-1.776089757217255594e+00
-1.776885420688190775e+00
-1.777680422912959912e+00
-1.778474583910694795e+00
-1.779267904464278294e+00
-1.780060385356355468e+00
-1.780852206500574519e+00
-1.781643189006511196e+00
-1.782433155067094210e+00
-1.783222641236035244e+00
-1.784011112525251574e+00
-1.784798748307439453e+00
-1.785585726878062607e+00
-1.786371870969353015e+00
-1.787157181364240177e+00
-1.787941835555143077e+00
-1.788725657080685760e+00
-1.789508470548194508e+00
-1.790290629359147401e+00
-1.791072133497756846e+00
-1.791852632193116523e+00
-1.792632477251032475e+00
-1.793411493810731061e+00
-1.794189682655213947e+00
-1.794967218888175120e+00
-1.795743754386730950e+00
-1.796519638312369160e+00
-1.797294697127220564e+00
-1.798069104883792679e+00
-1.798842515563428002e+00
-1.799615276226711469e+00
-1.800387214387112023e+00
-1.801158503052234794e+00
-1.801928798294947232e+00
-1.802698445087530743e+00
-1.803467271988426601e+00
-1.804235279780508128e+00
-1.805002640173768214e+00
-1.805769011837363269e+00
-1.806534737150595760e+00
-1.807299816122610592e+00
-1.808063908971384581e+00
-1.808827356530237740e+00
-1.809589989428536327e+00
-1.810351808449049749e+00
-1.811112983246228492e+00
-1.811873176603038926e+00
-1.812632726790883719e+00
-1.813391633828027150e+00
-1.814149562027572271e+00
-1.814906848133472472e+00
-1.815663324820962599e+00
-1.816418992872550042e+00
-1.817174019911709237e+00
-1.817928072785572224e+00
-1.818681485706903134e+00
-1.819434258702827822e+00
-1.820186060132132244e+00
-1.820937222698465696e+00
-1.821687581098151210e+00
-1.822437301197775472e+00
-1.823186053360646763e+00
-1.823934168288440238e+00
-1.824681646016082182e+00
-1.825428158402607970e+00
-1.826174034656375733e+00
-1.826919111222402137e+00
-1.827663388882575735e+00
-1.828407031517755854e+00
-1.829149876316861656e+00
-1.829891924061824326e+00
-1.830633175534198021e+00
-1.831373793630901581e+00
-1.832113616527090372e+00
-1.832852645004332981e+00
-1.833591041225737461e+00
-1.834328644102483974e+00
-1.835065454416133113e+00
-1.835801472947854451e+00
-1.836536860887105327e+00
-1.837271458120853573e+00
-1.838005265430231905e+00
-1.838738443278566725e+00
-1.839470832281048462e+00
-1.840202433218750322e+00
-1.840933246872341611e+00
-1.841663432741695638e+00
-1.842392832407437675e+00
-1.843121604890409992e+00
-1.843849434251185082e+00
-1.844576637511659456e+00
-1.845303057212049458e+00
-1.846028851418395789e+00
-1.846753863149045216e+00
-1.847478093184342196e+00
-1.848201698878223276e+00
-1.848924523963005440e+00
-1.849646569218881709e+00
-1.850367835425615892e+00
-1.851088478992312769e+00
-1.851808344597819733e+00
-1.852527433021723402e+00
-1.853245899968500865e+00
-1.853963590823378027e+00
-1.854680506365741666e+00
-1.855396801598602874e+00
-1.856112322610354193e+00
-1.856827070180162353e+00
-1.857541198612720601e+00
-1.858254554696390004e+00
-1.858967139210096153e+00
-1.859679105763349938e+00
-1.860390301841296168e+00
-1.861100728222598866e+00
-1.861810537824710510e+00
-1.862519578826385747e+00
-1.863227852006009044e+00
-1.863935358141502130e+00
-1.864642249232093985e+00
-1.865348525369284971e+00
-1.866053885116113031e+00
-1.866758631008706537e+00
-1.867462763141355175e+00
-1.868165981444749102e+00
-1.868868587088771349e+00
-1.869570430541094508e+00
-1.870271661981963929e+00
-1.870972132333067695e+00
-1.871671842371467775e+00
-1.872370941600778549e+00
-1.873069281620631577e+00
-1.873767011485574008e+00
-1.874463835192046401e+00
-1.875160049848121124e+00
-1.875855655558923862e+00
-1.876550505047474449e+00
-1.877244599090135191e+00
-1.877937938462773682e+00
-1.878630670657309487e+00
-1.879322795783540778e+00
-1.880014021405939095e+00
-1.880704641068371208e+00
-1.881394654883212336e+00
-1.882083771741700051e+00
-1.882772283862031770e+00
-1.883460191359129121e+00
-1.884147349397176541e+00
-1.884833758751214505e+00
-1.885519420195771234e+00
-1.886204478801001505e+00
-1.886888790608244326e+00
-1.887572500251898822e+00
-1.888255464210369716e+00
-1.888937826683584120e+00
-1.889619301376544547e+00
-1.890300318690749659e+00
-1.890980449772203364e+00
-1.891659981163990700e+00
-1.892338770646812884e+00
-1.893016961124043496e+00
-1.893694410808157258e+00
-1.894371262173249360e+00
-1.895047232375209889e+00
-1.895722746648085266e+00
-1.896397381303001950e+00
-1.897071419445472085e+00
-1.897744861208290779e+00
-1.898417566304371862e+00
-1.899089535505906978e+00
-1.899760769584544207e+00
-1.900431409097097069e+00
-1.901101454180480932e+00
-1.901770765609464231e+00
-1.902439344155524070e+00
-1.903107190589586217e+00
-1.903774444414769063e+00
-1.904441105772025855e+00
-1.905107036489926742e+00
-1.905772237339184771e+00
-1.906436709089953441e+00
-1.907100590199540813e+00
-1.907763880812856971e+00
-1.908426443804277062e+00
-1.909088279943699895e+00
-1.909749526857783541e+00
-1.910410048044406839e+00
-1.911069844272758278e+00
-1.911729052549324681e+00
-1.912387673024588786e+00
-1.913045434197543804e+00
-1.913702608695109886e+00
-1.914359196669865204e+00
-1.915015063064067213e+00
-1.915670343653123942e+00
-1.916324768986038318e+00
-1.916978744240561916e+00
-1.917632000170419904e+00
-1.918284537543363699e+00
-1.918936357126558745e+00
-1.919587593474454845e+00
-1.920238246746599486e+00
-1.920888183719994924e+00
-1.921537405161394929e+00
-1.922186044817969952e+00
-1.922833970072439946e+00
-1.923481314270156117e+00
-1.924127945196414613e+00
-1.924773863616924707e+00
-1.925419202276116959e+00
-1.926063961340251263e+00
-1.926708009396096655e+00
-1.927351347208877019e+00
-1.927994106726576673e+00
-1.928636157133439832e+00
-1.929277499193828849e+00
-1.929918394850671959e+00
-1.930558452506480505e+00
-1.931197933907154773e+00
-1.931836839225412383e+00
-1.932475038833155523e+00
-1.933112533493926533e+00
-1.933749453380683825e+00
-1.934385669454665058e+00
-1.935021311497731045e+00
-1.935656250862804795e+00
-1.936290616941816811e+00
-1.936924281478190180e+00
-1.937557373475087497e+00
-1.938189765065250869e+00
-1.938821457010391214e+00
-1.939452577732276195e+00
-1.940083127412696173e+00
-1.940712978959458157e+00
-1.941342133133619141e+00
-1.941970717586395390e+00
-1.942598605803368850e+00
-1.943225925052224801e+00
-1.943852675518956463e+00
-1.944478605139636107e+00
-1.945104093050861627e+00
-1.945728887380076877e+00
-1.946352988886940416e+00
-1.946976523695373995e+00
-1.947599366820027322e+00
-1.948221644005857955e+00
-1.948843230646878366e+00
-1.949464252110216789e+00
-1.950084584168095603e+00
-1.950704227578398564e+00
-1.951323431188049184e+00
-1.951941823056899006e+00
-1.952559651844586464e+00
-1.953176917746740626e+00
-1.953793497663296019e+00
-1.954409515461384750e+00
-1.955024848414574912e+00
-1.955639620017795011e+00
-1.956253707917110951e+00
-1.956867235236364522e+00
-1.957480079992984123e+00
-1.958092364940839714e+00
-1.958703968467592427e+00
-1.959315012958248392e+00
-1.959925377169575933e+00
-1.960535183118825131e+00
-1.961144309930747065e+00
-1.961752879255939774e+00
-1.962360770586015324e+00
-1.962968105206022829e+00
-1.963574762973316457e+00
-1.964180864808494409e+00
-1.964786290933540069e+00
-1.965391161905694739e+00
-1.965995477933929036e+00
-1.966599000342809100e+00
-1.967202088212886224e+00
-1.967804503049814135e+00
-1.968406245605541782e+00
-1.969007435353752555e+00
-1.969608072506888075e+00
-1.970208038914504245e+00
-1.970807453512558149e+00
-1.971406198509189744e+00
-1.972004392482937352e+00
-1.972601917999430077e+00
-1.973198893280863508e+00
-1.973795201249263442e+00
-1.974390959771557208e+00
-1.974986052125078384e+00
-1.975580595822555852e+00
-1.976174591082919152e+00
-1.976767921714845500e+00
-1.977360588466859914e+00
-1.977952824206103077e+00
-1.978544280974726011e+00
-1.979135307173616853e+00
-1.979725555897458911e+00
-1.980315374496710135e+00
-1.980904532300774568e+00
-1.981493030056679316e+00
-1.982080983348307068e+00
-1.982668392400741775e+00
-1.983255142949228444e+00
-1.983841350057395703e+00
-1.984426899807252065e+00
-1.985011906916622992e+00
-1.985596257813218912e+00
-1.986180066870107064e+00
-1.986763334316252294e+00
-1.987345947096340604e+00
-1.987927905954640195e+00
-1.988509437520850520e+00
-1.989090203196717699e+00
-1.989670542043172841e+00
-1.990250228917967767e+00
-1.990829264564280665e+00
-1.991407761816887056e+00
-1.991985720909447144e+00
-1.992563030322678230e+00
-1.993139802383457893e+00
-1.993716037327206703e+00
-1.994291624142261465e+00
-1.994866563570041551e+00
-1.995441078175214988e+00
-1.996014835459113179e+00
-1.996588168395709184e+00
-1.997160855901989551e+00
-1.997732898718185934e+00
-1.998304517736833708e+00
-1.998875382968264169e+00
-1.999445824882609468e+00
-2.000015624066576514e+00
-2.000584781259170608e+00
-2.001153406446014582e+00
-2.001721499869463461e+00
-2.002289061772655643e+00
-2.002855874893899379e+00
-2.003422266229392346e+00
-2.003988018682095973e+00
-2.004553241249644291e+00
-2.005117826080660137e+00
-2.005681881845168935e+00
-2.006245408789571361e+00
-2.006808299553368258e+00
-2.007370662317383925e+00
-2.007932497329580901e+00
-2.008493697718113591e+00
-2.009054264218077535e+00
-2.009614411158039626e+00
-2.010173925031974118e+00
-2.010732806574311304e+00
-2.011291162832435475e+00
-2.011848994057400031e+00
-2.012406300500988010e+00
-2.012962976583282604e+00
-2.013519023037313893e+00
-2.014074651621094336e+00
-2.014629651402765287e+00
-2.015184023114656942e+00
-2.015737977558863747e+00
-2.016291199884385321e+00
-2.016844005452403721e+00
-2.017396184924029612e+00
-2.017947843431949106e+00
-2.018498876988988666e+00
-2.019049390411816969e+00
-2.019599383958002203e+00
-2.020148754113619383e+00
-2.020697605223449766e+00
-2.021245937546444882e+00
-2.021793648039774904e+00
-2.022340840578448429e+00
-2.022887515422776339e+00
-2.023433569998881687e+00
-2.023979107714104941e+00
-2.024524128830095471e+00
-2.025068531239793579e+00
-2.025612417884968597e+00
-2.026155686968348135e+00
-2.026698441122258387e+00
-2.027240680610306267e+00
-2.027782405696753720e+00
-2.028323515201776228e+00
-2.028864111142288262e+00
-2.029404092645434865e+00
-2.029943662407025062e+00
-2.030482517736513781e+00
-2.031020961857382900e+00
-2.031558793523040585e+00
-2.032096113833837592e+00
-2.032632923057791530e+00
-2.033169121390147271e+00
-2.033704809476045927e+00
-2.034239887813515946e+00
-2.034774556365587017e+00
-2.035308616010640836e+00
-2.035842067470709171e+00
-2.036375109806091821e+00
-2.036907544798890246e+00
-2.037439373170256030e+00
-2.037970793081838927e+00
-2.038501607215344791e+00
-2.039031816291035248e+00
-2.039561617575970764e+00
-2.040090814647365303e+00
-2.040619506201577948e+00
-2.041147594684123323e+00
-2.041675276175760612e+00
-2.042202355441626871e+00
-2.042728833200097238e+00
-2.043254904646706116e+00
-2.043780375432652896e+00
-2.044305343220682580e+00
-2.044829711489204449e+00
-2.045353577607345930e+00
-2.045876941852801334e+00
-2.046399804503826747e+00
-2.046922069624212970e+00
-2.047443833999166074e+00
-2.047965097907977317e+00
-2.048485765850971418e+00
-2.049005934177543065e+00
-2.049525603167998700e+00
-2.050044773103188778e+00
-2.050563349062608065e+00
-2.051081426817832121e+00
-2.051599006650700829e+00
-2.052115994072609695e+00
-2.052632579051653305e+00
-2.053148572472094369e+00
-2.053663975046250645e+00
-2.054178975884558778e+00
-2.054693386729538496e+00
-2.055207302207469944e+00
-2.055720628830101315e+00
-2.056233554570567890e+00
-2.056745892309872037e+00
-2.057257736106782087e+00
-2.057768993039997607e+00
-2.058279849952169283e+00
-2.058790120855902739e+00
-2.059299806460213489e+00
-2.059809092764203875e+00
-2.060317794624507481e+00
-2.060826005114750892e+00
-2.061333724523419342e+00
-2.061840953139488786e+00
-2.062347599304882539e+00
-2.062853755534995059e+00
-2.063359422119645625e+00
-2.063864507817778193e+00
-2.064369196121210059e+00
-2.064873304396382725e+00
-2.065376924465769370e+00
-2.065879965641606031e+00
-2.066382610312149204e+00
-2.066884676948284927e+00
-2.067386256821747370e+00
-2.067887259794699339e+00
-2.068387867158474336e+00
-2.068887898481706067e+00
-2.069387444488692385e+00
-2.069886505473501170e+00
-2.070384991981158329e+00
-2.070883083941255087e+00
-2.071380602285431749e+00
-2.071877637058439969e+00
-2.072374099347743748e+00
-2.072870168000772395e+00
-2.073365665032024463e+00
-2.073860679946153862e+00
-2.074355213040009804e+00
-2.074849176074615720e+00
-2.075342746553997308e+00
-2.075835747837158074e+00
-2.076328268758323325e+00
-2.076820309615881044e+00
-2.077311782839307508e+00
-2.077802776862728074e+00
-2.078293379589181367e+00
-2.078783328506177419e+00
-2.079272886725549441e+00
-2.079761966943598939e+00
-2.080250482385358257e+00
-2.080738520690760485e+00
-2.081226082160720026e+00
-2.081713167096551853e+00
-2.082199689249430108e+00
-2.082685822153341970e+00
-2.083171393140103245e+00
-2.083656489062565953e+00
-2.084141110223432403e+00
-2.084625171027215007e+00
-2.085108843704359227e+00
-2.085591956890973986e+00
-2.086074596789299296e+00
-2.086556763703377726e+00
-2.087038457937627101e+00
-2.087519594674136503e+00
-2.088000344592122470e+00
-2.088480537879950916e+00
-2.088960259965658484e+00
-2.089439511154942863e+00
-2.129768526227598269e+00
-2.130206522169981742e+00
-2.130644004047327122e+00
-2.131081046251844580e+00
-2.131517722729273423e+00
-2.131953886453953562e+00
-2.132389611483413105e+00
-2.132824971430717031e+00
-2.133259819937752155e+00
-2.133694230728859775e+00
-2.134128204130782969e+00
-2.134561740470443336e+00
-2.134994840074942779e+00
-2.135427503271560390e+00
-2.135859802902921434e+00
-2.136291594156734863e+00
-2.136722949985715214e+00
-2.137153870717831694e+00
-2.137584356681224484e+00
-2.138014408204199412e+00
-2.138443953755046589e+00
-2.138873137491355436e+00
-2.139301887772988131e+00
-2.139730204928902868e+00
-2.140158089288217269e+00
-2.140585541180206164e+00
-2.141012560934299369e+00
-2.141439148880080801e+00
-2.141865305347287141e+00
-2.142291030665804730e+00
-2.142716325165670455e+00
-2.143141189177067307e+00
-2.143565623030325273e+00
-2.143989556594652957e+00
-2.144413131229671254e+00
-2.144836276698236510e+00
-2.145258993331245811e+00
-2.145681281459735246e+00
-2.146103141414874571e+00
-2.146524573527971214e+00
-2.146945578130464050e+00
-2.147366155553923406e+00
-2.147786306130051504e+00
-2.148206030190677129e+00
-2.148625397366614731e+00
-2.149044269287515796e+00
-2.149462715689316905e+00
-2.149880736904346890e+00
-2.150298333265055373e+00
-2.150715505104009218e+00
-2.151132321426818539e+00
-2.151548645116672098e+00
-2.151964545283334473e+00
-2.152380090621913489e+00
-2.152795144638100400e+00
-2.153209776130676989e+00
-2.153624053485649892e+00
-2.154037908778172916e+00
-2.154451274495172708e+00
-2.154864286767558035e+00
-2.155276810337546145e+00
-2.155688980926161236e+00
-2.156100731123248071e+00
-2.156512061263352376e+00
-2.156922971681115353e+00
-2.157333395578574731e+00
-2.157743467657404324e+00
-2.158153187948192553e+00
-2.158562422824884308e+00
-2.158971239653836527e+00
-2.159379638770237975e+00
-2.159787620509363570e+00
-2.160195251632376134e+00
-2.160602399522742800e+00
-2.161009197267514725e+00
-2.161415512651831072e+00
-2.161821478362002669e+00
-2.162226962583613687e+00
-2.162632097603448766e+00
-2.163036817732666428e+00
-2.163441123307709546e+00
-2.163845014665088939e+00
-2.164248492141388258e+00
-2.164651556073257765e+00
-2.165054272028664961e+00
-2.165456509783331374e+00
-2.165858335004071211e+00
-2.166259812963781339e+00
-2.166660814029349069e+00
-2.167061468311948680e+00
-2.167461711213136244e+00
-2.167861543070511487e+00
-2.168260964221729203e+00
-2.168659975004497920e+00
-2.169058575756581231e+00
-2.169456766815792914e+00
-2.169854612578177466e+00
-2.170251985168497821e+00
-2.170649012944565026e+00
-2.171045632186651364e+00
-2.171441779561395613e+00
-2.171837582847265580e+00
-2.172232978614623278e+00
-2.172627967202090282e+00
-2.173022612236202189e+00
-2.173416787384281346e+00
-2.173810619465460725e+00
-2.174203982529679280e+00
-2.174597003014179908e+00
-2.174989618161490057e+00
-2.175381828310916532e+00
-2.175773633801796780e+00
-2.176165034973495338e+00
-2.176556094597751123e+00
-2.176946688054957058e+00
-2.177336940455187442e+00
-2.177726727556250186e+00
-2.178116174091476509e+00
-2.178505218157002155e+00
-2.178893921961218005e+00
-2.179282162013759017e+00
-2.179670000616678927e+00
-2.180057499698380585e+00
-2.180444597824374053e+00
-2.180831295335126541e+00
-2.181217592571116803e+00
-2.181603489872833368e+00
-2.181988987580774531e+00
-2.182374147067538406e+00
-2.182758846517233842e+00
-2.183143208242617650e+00
-2.183527171552541724e+00
-2.183910736787954221e+00
-2.184293904289804633e+00
-2.184676734879870352e+00
-2.185059168235488070e+00
-2.185441144399852931e+00
-2.185822784401790120e+00
-2.186204028193226456e+00
-2.186584936140753221e+00
-2.186965388444536806e+00
-2.187345505405958068e+00
-2.187725227341521084e+00
-2.188104494929714594e+00
-2.188483487501982516e+00
-2.188862026410304917e+00
-2.189240171659612599e+00
-2.189617982895017967e+00
-2.189995400975521811e+00
-2.190372426243176740e+00
-2.190749059040014046e+00
-2.191125358653835065e+00
-2.191501207445982757e+00
-2.191876723561200002e+00
-2.192251848396046920e+00
-2.192626582292850568e+00
-2.193000984095678785e+00
-2.193374995468229560e+00
-2.193748558428061379e+00
-2.194121790056109855e+00
-2.194494690430557338e+00
-2.194867143508177243e+00
-2.195239265841797405e+00
-2.195610941739603472e+00
-2.195982287403412059e+00
-2.196353302913625516e+00
-2.196723873103936242e+00
-2.197094113652016567e+00
-2.197463967190022238e+00
-2.197833434061007285e+00
-2.198202514607982661e+00
-2.198571266363585242e+00
-2.198939632308230863e+00
-2.199307612785192934e+00
-2.199675208137696014e+00
-2.200042418708914926e+00
-2.200409301600853684e+00
-2.200775800226178802e+00
-2.201141914928308019e+00
-2.201507646050604894e+00
-2.201873050352962213e+00
-2.202238071591554380e+00
-2.202602710109971884e+00
-2.202966966251747483e+00
-2.203330896436701103e+00
-2.203694444762429594e+00
-2.204057611572675768e+00
-2.204420397211119376e+00
-2.204782857759540970e+00
-2.205144882000943607e+00
-2.205506637241015255e+00
-2.205867956861750745e+00
-2.206228896860826794e+00
-2.206589512900225536e+00
-2.206949749838063912e+00
-2.207309663169507274e+00
-2.207669142852567656e+00
-2.208028299450426779e+00
-2.208387078155916505e+00
-2.208745534131689059e+00
-2.209103558001546563e+00
-2.209461259664050825e+00
-2.209818639215219704e+00
-2.210175587775647710e+00
-2.210532214748138546e+00
-2.210888465906472700e+00
-2.211244341594859275e+00
-2.211599896316872371e+00
-2.211955076093428119e+00
-2.212309881268858636e+00
-2.212664312187408555e+00
-2.213018423026064330e+00
-2.213372160133378674e+00
-2.213725523853704580e+00
-2.214078568120462442e+00
-2.214431239526712947e+00
-2.214783538416908115e+00
-2.215135518481988530e+00
-2.215487073292440989e+00
-2.215838309805233663e+00
-2.216189228123338406e+00
-2.216539722300623350e+00
-2.216889898811560400e+00
-2.217239757760282703e+00
-2.217589193681848592e+00
-2.217938312570400416e+00
-2.218287114531219295e+00
-2.218635494578369283e+00
-2.218983558227821895e+00
-2.219331253198757903e+00
-2.219678632143771146e+00
-2.220025590712083829e+00
-2.220372285935454215e+00
-2.220718561471345609e+00
-2.221064521885852017e+00
-2.221410115373562366e+00
-2.221755342279057910e+00
-2.222100254704087341e+00
-2.222444801079311194e+00
-2.222789033350301313e+00
-2.223132848581624188e+00
-2.223476350241854416e+00
-2.223819538442031174e+00
-2.224162362003992754e+00
-2.224504821272464294e+00
-2.224846916592047030e+00
-2.225188699364843092e+00
-2.225530118723286321e+00
-2.225871225915395879e+00
-2.226211919401856143e+00
-2.226552352006888835e+00
-2.226892371595528441e+00
-2.227232079935169029e+00
-2.227571426620764683e+00
-2.227910462440497952e+00
-2.228249137142670477e+00
-2.228587451071903036e+00
-2.228925454788002192e+00
-2.229263098268246868e+00
-2.229600381857206770e+00
-2.229937355887340100e+00
-2.230273970563853680e+00
-2.230610276068320186e+00
-2.230946222757435038e+00
-2.231281810975778601e+00
-2.231617090679267168e+00
-2.231952012450793887e+00
-2.232286576634863184e+00
-2.232620832962748825e+00
-2.232954732242506068e+00
-2.233288324056319496e+00
-2.233621559361894882e+00
-2.233954438503704232e+00
-2.234287010840962484e+00
-2.234619227554827336e+00
-2.234951088989667323e+00
-2.235282644282734488e+00
-2.235613844837612163e+00
-2.235944739644241341e+00
-2.236275280254035547e+00
-2.236605515510061704e+00
-2.236935397111117663e+00
-2.237264925401526661e+00
-2.237594149004700661e+00
-2.237923019839503702e+00
-2.238251538250126238e+00
-2.238579752641314258e+00
-2.238907663139073634e+00
-2.239235174038772147e+00
-2.239562429431343205e+00
-2.239889285914140160e+00
-2.240215839445318213e+00
-2.240542090152388699e+00
-2.240867990608719218e+00
-2.241193541158385205e+00
-2.241518789556317337e+00
-2.241843688591955708e+00
-2.242168238609205666e+00
-2.242492487148228797e+00
-2.242816434338644971e+00
-2.243140033256662669e+00
-2.243463284246169476e+00
-2.243786234562674675e+00
-2.244108837496159747e+00
-2.244431140160444205e+00
-2.244753095987589653e+00
-2.245074705321272290e+00
-2.245396015063416240e+00
-2.245717025346289919e+00
-2.246037689884810451e+00
-2.246358009022598967e+00
-2.246678029380736685e+00
-2.246997704884995173e+00
-2.247317082016664358e+00
-2.247636114841655264e+00
-2.247954803703333670e+00
-2.248273240802973305e+00
-2.248591288488246409e+00
-2.248909038891182988e+00
-2.249226492147162304e+00
-2.249543602739951798e+00
-2.249860371012774696e+00
-2.250176842822856571e+00
-2.250492972861306562e+00
-2.250808806847846011e+00
-2.251124344919560372e+00
-2.251439496734555679e+00
-2.251754398354994358e+00
-2.252068914404602662e+00
-2.252383180535614482e+00
-2.252697106748425604e+00
-2.253010693385936847e+00
-2.253323985621933812e+00
-2.253636938832362269e+00
-2.253949598055543291e+00
-2.254261918803138531e+00
-2.254573901417690873e+00
-2.254885635228320862e+00
-2.255196986895330102e+00
-2.255508090039735514e+00
-2.255818811725461170e+00
-2.256129285170940690e+00
-2.256439377842495819e+00
-2.256749222557189238e+00
-2.257058687182520451e+00
-2.257367904135391790e+00
-2.257676785575183587e+00
-2.257985331844079013e+00
-2.258293587043421535e+00
-2.258601507623364757e+00
-2.258909137552997493e+00
-2.259216433414910519e+00
-2.259523439046332349e+00
-2.259830154591634610e+00
-2.260136536831459431e+00
-2.260442586107538787e+00
-2.260748345994556541e+00
-2.261053816637837333e+00
-2.261358955080486677e+00
-2.261663804701457892e+00
-2.261968322674490661e+00
-2.262272552248438373e+00
-2.262576450727273869e+00
-2.262880061230143180e+00
-2.263183341190853071e+00
-2.263486333599229905e+00
-2.263789038602808557e+00
-2.264091413829554256e+00
-2.264393459620494653e+00
-2.264695261099503476e+00
-2.264996691240404481e+00
-2.265297877366572177e+00
-2.265598692836322314e+00
-2.265899264589405160e+00
-2.266199508439667554e+00
-2.266499424727763667e+00
-2.266799055739276536e+00
-2.267098401624265680e+00
-2.267397420714656331e+00
-2.267696155106078137e+00
-2.267994604949350457e+00
-2.268292687137260621e+00
-2.268590526897621640e+00
-2.268888041186334803e+00
-2.269185271784227798e+00
-2.269482177465135031e+00
-2.269778799884564435e+00
-2.270075139194883018e+00
-2.270371154357956556e+00
-2.270666845713556814e+00
-2.270962295734122893e+00
-2.271257381373452233e+00
-2.271552225984367901e+00
-2.271846747773660802e+00
-2.272140987899576636e+00
-2.272434905759190382e+00
-2.272728542387287387e+00
-2.273021857304394100e+00
-2.273314891422209882e+00
-2.273607644895649038e+00
-2.273900077429849453e+00
-2.274192229752707295e+00
-2.274484102019812326e+00
-2.274775654120073654e+00
-2.275066886392251853e+00
-2.275357879465665700e+00
-2.275648553145148689e+00
-2.275938947793453515e+00
-2.276229023603812962e+00
-2.276518820817900135e+00
-2.276808299749971454e+00
-2.277097500520984585e+00
-2.277386423288521922e+00
-2.277675028547818670e+00
-2.277963395842285799e+00
-2.278251406521998312e+00
-2.278539179553593197e+00
-2.278826636069712919e+00
-2.279113776408171255e+00
-2.279400640210928586e+00
-2.279687227637126057e+00
-2.279973538846193915e+00
-2.280259534871364124e+00
-2.280545255117377490e+00
-2.280830699744256673e+00
-2.281115829962931496e+00
-2.281400685001084394e+00
-2.281685226187568638e+00
-2.281969492632381691e+00
-2.282253484496425067e+00
-2.282537201940876059e+00
-2.282820606529617713e+00
-2.283103737138600042e+00
-2.283386555448553512e+00
-2.283669100218794767e+00
-2.283951371611344427e+00
-2.284233369788489565e+00
-2.284515056663846355e+00
-2.284796470764776988e+00
-2.285077574120675248e+00
-2.285358443219125402e+00
-2.285639002014063781e+00
-2.285919250841458084e+00
-2.286199265843934292e+00
-2.286478971320911047e+00
-2.286758367608090925e+00
-2.287037530504700378e+00
-2.287316384654063839e+00
-2.287594968009559526e+00
-2.287873243174722848e+00
-2.288151247989056891e+00
-2.288428982617443097e+00
-2.288706447225009821e+00
-2.288983604642551573e+00
-2.289260492483105924e+00
-2.289537110912284401e+00
-2.289813422930355724e+00
-2.290089503090754874e+00
-2.290365277284637457e+00
-2.290640745846558080e+00
-2.290915982993704247e+00
-2.291190914953899593e+00
-2.291465542061394522e+00
-2.291739938198647852e+00
-2.292014029928613361e+00
-2.292287854248418633e+00
-2.292561411325529264e+00
-2.292834664775177611e+00
-2.293107687925449945e+00
-2.293380407894640260e+00
-2.293652825016331054e+00
-2.293925012287877596e+00
-2.294196897158658821e+00
-2.294468516184233309e+00
-2.294739833365806003e+00
-2.295010921262161219e+00
-2.295281707761859913e+00
-2.295552229201653915e+00
-2.295822449801489196e+00
-2.296092441684211671e+00
-2.296362133174900677e+00
-2.296631560392806470e+00
-2.296900723507935727e+00
-2.297169587011852698e+00
-2.297438186861467280e+00
-2.297706523227172948e+00
-2.297974596279568349e+00
-2.298242406189457299e+00
-2.298509917717950657e+00
-2.298777166553176432e+00
-2.299044152866307034e+00
-2.299310876828715600e+00
-2.299577303415624829e+00
-2.299843468101528732e+00
-2.300109371058156604e+00
-2.300375012457434920e+00
-2.300640392471482887e+00
-2.300905476341388312e+00
-2.301170299276456443e+00
-2.301434861449147995e+00
-2.335721846307528438e+00
-2.335951468284273691e+00
-2.336180855896966779e+00
-2.336409981236974076e+00
-2.336638900725376278e+00
-2.336867586411119024e+00
-2.337096038481456528e+00
-2.337324257123690519e+00
-2.337552242525172019e+00
-2.337779994873299128e+00
-2.338007514355516125e+00
-2.338234801159313925e+00
-2.338461883188166279e+00
-2.338688705155896219e+00
-2.338915322640248817e+00
-2.339141708113142482e+00
-2.339367834213684993e+00
-2.339593756269026770e+00
-2.339819446876663100e+00
-2.340044906224613808e+00
-2.340270161883588163e+00
-2.340495159235001843e+00
-2.340719925891078024e+00
-2.340944489298692588e+00
-2.341168822304963371e+00
-2.341392897921930949e+00
-2.341616770731895780e+00
-2.341840413705835289e+00
-2.342063854085650210e+00
-2.342287037912271774e+00
-2.342509992468603919e+00
-2.342732744874182593e+00
-2.342955268305348060e+00
-2.343177536101376024e+00
-2.343399602190902264e+00
-2.343621466641127249e+00
-2.343843076063534703e+00
-2.344064457456108919e+00
-2.344285637655179499e+00
-2.344506563514822783e+00
-2.344727288478609228e+00
-2.344947786088446673e+00
-2.345168056533603274e+00
-2.345388126449977406e+00
-2.345607943093693581e+00
-2.345827559507458471e+00
-2.346046949434188900e+00
-2.346266113063431913e+00
-2.346485050584750542e+00
-2.346703762187724251e+00
-2.346922248061947602e+00
-2.347140534525621547e+00
-2.347358595560816052e+00
-2.347576431357349058e+00
-2.347794042105051382e+00
-2.348011427993765832e+00
-2.348228615145117271e+00
-2.348445577738829115e+00
-2.348662315964954672e+00
-2.348878830013557018e+00
-2.349095120074705889e+00
-2.349311186338479462e+00
-2.349527054692507555e+00
-2.349742699551675251e+00
-2.349958121106257014e+00
-2.350173319546531303e+00
-2.350388346147916696e+00
-2.350603098853239370e+00
-2.350817629015229393e+00
-2.351031987678084079e+00
-2.351246124024502393e+00
-2.351459987544806562e+00
-2.351673679906901793e+00
-2.351887150524375691e+00
-2.352100399587869983e+00
-2.352313477682588694e+00
-2.352526284133889423e+00
-2.352738869603231642e+00
-2.352951284447705849e+00
-2.353163478539863185e+00
-2.353375402055712051e+00
-2.353587155291701816e+00
-2.353798688348131662e+00
-2.354010001415943965e+00
-2.354221144399407439e+00
-2.354432017987659442e+00
-2.354642721723383847e+00
-2.354853156596191877e+00
-2.355063421848712313e+00
-2.355273468108965318e+00
-2.355483295568163271e+00
-2.355692904417503897e+00
-2.355902294848170264e+00
-2.356111516092644464e+00
-2.356320470185356175e+00
-2.356529255326182515e+00
-2.356737822665272653e+00
-2.356946172394071226e+00
-2.357154304704003334e+00
-2.357362219786476754e+00
-2.357569966357785596e+00
-2.357777447486163691e+00
-2.357984760339663755e+00
-2.358191856585042601e+00
-2.358398688181674530e+00
-2.358605400017973253e+00
-2.358811847588738075e+00
-2.359018079317802830e+00
-2.359224143338105151e+00
-2.359429943885945846e+00
-2.359635576963377446e+00
-2.359840994820809446e+00
-2.360046197650016442e+00
-2.360251185642744609e+00
-2.360456006499080495e+00
-2.360660565322193705e+00
-2.360864957248905327e+00
-2.361069134962806348e+00
-2.361273098655826796e+00
-2.361476848519862504e+00
-2.361680431826027160e+00
-2.361883754536520552e+00
-2.362086910930708772e+00
-2.362289854121435440e+00
-2.362492584300758480e+00
-2.362695101660698960e+00
-2.362897406393242861e+00
-2.363099545273849689e+00
-2.363301425257025024e+00
-2.363503139631486505e+00
-2.363704642005882928e+00
-2.363905978874911717e+00
-2.364107057755540975e+00
-2.364307925212457473e+00
-2.364508627530659712e+00
-2.364709118669816146e+00
-2.364909398822167663e+00
-2.365109468179910301e+00
-2.365309372750215910e+00
-2.365509021025933745e+00
-2.365708504760143160e+00
-2.365907778330165634e+00
-2.366106841928296234e+00
-2.366305741216687686e+00
-2.366504385379027298e+00
-2.366702865478775841e+00
-2.366901136238451997e+00
-2.367099197850429437e+00
-2.367297050507033873e+00
-2.367494739459742537e+00
-2.367692174714294939e+00
-2.367889446513387064e+00
-2.368086509990253941e+00
-2.368283410124742083e+00
-2.368480057466590960e+00
-2.368676541715523776e+00
-2.368872773691889755e+00
-2.369068887342365315e+00
-2.369264749105187473e+00
-2.369460403757460032e+00
-2.369655895807358359e+00
-2.369851180997362139e+00
-2.370046259519986265e+00
-2.370241131567687454e+00
-2.370435841381459685e+00
-2.370630300989895911e+00
-2.370824598616108947e+00
-2.371018690404031126e+00
-2.371212620329082199e+00
-2.371406300951609314e+00
-2.371599819963902345e+00
-2.371793133775596640e+00
-2.371986242579219528e+00
-2.372179146567233499e+00
-2.372371889319530247e+00
-2.372564427509833873e+00
-2.372756761330718778e+00
-2.372948890974693636e+00
-2.373140859760031862e+00
-2.373332624622948028e+00
-2.373524185756055616e+00
-2.373715543351898383e+00
-2.373906697602950366e+00
-2.374097691502594643e+00
-2.374288482312848281e+00
-2.374479070226279909e+00
-2.374669455435387100e+00
-2.374859680675451390e+00
-2.375049703467407181e+00
-2.375239524003839531e+00
-2.375429142477257560e+00
-2.375618559080098446e+00
-2.375807816227121894e+00
-2.375996871760627904e+00
-2.376185725873129595e+00
-2.376374420788338604e+00
-2.376562914540319760e+00
-2.376751207321655901e+00
-2.376939299324850818e+00
-2.377127190742331919e+00
-2.377314923481115727e+00
-2.377502455892746003e+00
-2.377689788169710994e+00
-2.377876962030260888e+00
-2.378063894552295832e+00
-2.378250668917190946e+00
-2.378437285129440415e+00
-2.378623660643207849e+00
-2.378809878264266597e+00
-2.378995896847244218e+00
-2.379181716584564121e+00
-2.379367378695054658e+00
-2.379552801256004102e+00
-2.379738066450758804e+00
-2.379923174285991649e+00
-2.380108043210709567e+00
-2.380292755037165087e+00
-2.380477269116977102e+00
-2.380661626236951101e+00
-2.380845745339011277e+00
-2.381029707743119950e+00
-2.381213473047132823e+00
-2.381397081792979264e+00
-2.381580493701208834e+00
-2.381763708964182324e+00
-2.381946727774169936e+00
-2.382129550323349942e+00
-2.382312216849548747e+00
-2.382494687378012177e+00
-2.382677002025725965e+00
-2.382859120939330833e+00
-2.383041044311113410e+00
-2.383222772333264405e+00
-2.383404305197880824e+00
-2.383585682721024224e+00
-2.383766865350805286e+00
-2.383947892783709666e+00
-2.384128686143263565e+00
-2.384309324570640154e+00
-2.384489808079108819e+00
-2.384670058150084593e+00
-2.384850153567366071e+00
-2.385030055197445709e+00
-2.385209802320711781e+00
-2.385389316893144152e+00
-2.385568716194833350e+00
-2.385747883329688346e+00
-2.385926896371586725e+00
-2.386105716542183064e+00
-2.386284344033399840e+00
-2.386462779037057391e+00
-2.386641060363253963e+00
-2.386819149468526025e+00
-2.386997085046413947e+00
-2.387174828670493909e+00
-2.387352380532619556e+00
-2.387529740824537949e+00
-2.387706948007453089e+00
-2.387883963887695415e+00
-2.388060788656968914e+00
-2.388237460603206852e+00
-2.388413941706441168e+00
-2.388590270139606897e+00
-2.388766370074303147e+00
-2.388942317607313459e+00
-2.389118074948958004e+00
-2.389293680042960499e+00
-2.389469095214385330e+00
-2.389644320654774390e+00
-2.389819394136904585e+00
-2.389994278157181018e+00
-2.390168972907080747e+00
-2.390343515989202583e+00
-2.390517870070512085e+00
-2.390692035342416588e+00
-2.390866011996211959e+00
-2.391039837408702073e+00
-2.391213511602390263e+00
-2.391386960453549371e+00
-2.391560258356197011e+00
-2.391733368372165547e+00
-2.391906327598105175e+00
-2.392079099208002546e+00
-2.392251683393030071e+00
-2.392424117082700086e+00
-2.392596363618471056e+00
-2.392768423191426574e+00
-2.392940332564694739e+00
-2.393112055246441550e+00
-2.393283591427657342e+00
-2.393454977705835152e+00
-2.393626177755087348e+00
-2.393797191766306565e+00
-2.393968056172097292e+00
-2.394138734811761093e+00
-2.394309264008469551e+00
-2.394479607711316405e+00
-2.394649766111108136e+00
-2.394819775367352133e+00
-2.394989599593087881e+00
-2.395159238979009064e+00
-2.395328729521700506e+00
-2.395498035497393818e+00
-2.395667157096668998e+00
-2.395836130153922383e+00
-2.396004919107832087e+00
-2.396173559685155663e+00
-2.396341980949942663e+00
-2.396510289540448646e+00
-2.396678379199218334e+00
-2.396846320921053763e+00
-2.397014114735924739e+00
-2.397181725458840784e+00
-2.397349153280135869e+00
-2.397516398390014736e+00
-2.397683496034475503e+00
-2.397850411241612800e+00
-2.398017179151552103e+00
-2.398183764898560444e+00
-2.398350203517203294e+00
-2.398516425455754053e+00
-2.398682535279812456e+00
-2.398848428803743715e+00
-2.399014175643558122e+00
-2.399179775831912220e+00
-2.399345160342261085e+00
-2.399510432953811279e+00
-2.399675490266993894e+00
-2.399840401374683463e+00
-2.400005166310550830e+00
-2.400169716569266143e+00
-2.400334155149548732e+00
-2.400498379431964313e+00
-2.400662457990177412e+00
-2.400826390858850967e+00
-2.400990110049932902e+00
-2.401153717787520847e+00
-2.401317112226423411e+00
-2.401480361424994658e+00
-2.401643465418869194e+00
-2.401806356733360293e+00
-2.401969136823769002e+00
-2.402131704613298613e+00
-2.402294127648862521e+00
-2.402456405967049236e+00
-2.402618506103711304e+00
-2.402780428247957456e+00
-2.402942205988648272e+00
-2.403103806013791921e+00
-2.403265261811339926e+00
-2.403426540170428893e+00
-2.403587641279943288e+00
-2.403748598476927345e+00
-2.403909378701514665e+00
-2.404070015190598486e+00
-2.404230474984670796e+00
-2.404390791220772261e+00
-2.404550931039451722e+00
-2.404710894629307649e+00
-2.404870714978050383e+00
-2.405030359375625260e+00
-2.405189860710639227e+00
-2.405349186372331083e+00
-2.405508369150499703e+00
-2.405667376533379365e+00
-2.405826208709261671e+00
-2.405984898320176146e+00
-2.406143445407008752e+00
-2.406301817655078334e+00
-2.406460015252556595e+00
-2.406618070645625274e+00
-2.406775951666523916e+00
-2.406933690663952241e+00
-2.407091255567797017e+00
-2.407248646565952832e+00
-2.407405895861335576e+00
-2.407563003496418830e+00
-2.407719937595489856e+00
-2.407876698346306910e+00
-2.408033317758568881e+00
-2.408189764101481778e+00
-2.408346069288572977e+00
-2.408502201685364774e+00
-2.408658193109499024e+00
-2.408814012022523432e+00
-2.408969658611823217e+00
-2.409125164551647380e+00
-2.409280529886349775e+00
-2.409435723268645635e+00
-2.409590744885764746e+00
-2.409745626221907244e+00
-2.409900367322124648e+00
-2.410054937029145972e+00
-2.410209335530035801e+00
-2.410363594120080055e+00
-2.410517681783653110e+00
-2.410671629722011655e+00
-2.410825407013670318e+00
-2.410979044766138113e+00
-2.411132512151784368e+00
-2.411285840184650642e+00
-2.411438998130676747e+00
-2.411592016910715675e+00
-2.411744865883992617e+00
-2.411897575878452216e+00
-2.412050116346322604e+00
-2.412202518022916742e+00
-2.412354750453183705e+00
-2.412506844280083218e+00
-2.412658769141001525e+00
-2.412810555586823114e+00
-2.412962173347091177e+00
-2.413113622607878206e+00
-2.413264964009636415e+00
-2.413416106919306081e+00
-2.413567111931695042e+00
-2.413717979095852950e+00
-2.413868678416108526e+00
-2.414019240077800443e+00
-2.414169634176298374e+00
-2.414319890806236657e+00
-2.414469980153750139e+00
-2.414619932223039722e+00
-2.414769717290728313e+00
-2.414919365270856932e+00
-2.415068846530259883e+00
-2.415218190893089201e+00
-2.415367368816115690e+00
-2.415516410033871519e+00
-2.415665285092791770e+00
-2.415814023638057861e+00
-2.415962596305494259e+00
-2.416111032651201640e+00
-2.416259332726855114e+00
-2.416407467301957546e+00
-2.416555436561416137e+00
-2.416703269883963667e+00
-2.416850967321841459e+00
-2.416998499821708446e+00
-2.417104009520127050e+00
-2.417145896630068513e+00
-2.417251304970033043e+00
-2.417293128781756284e+00
-2.417398464831999494e+00
-2.417440196461311697e+00
-2.417545460216441011e+00
-2.417587157713701806e+00
-2.417692320206912715e+00
-2.417733925801115014e+00
-2.417839044856808339e+00
-2.417880587567734274e+00
-2.417985605408078165e+00
-2.418027085337459692e+00
-2.418132002045217277e+00
-2.418173419294619819e+00
-2.418278263677213769e+00
-2.418424390357997389e+00
-2.418570353503832759e+00
-2.418716181893568073e+00
-2.418861847030229217e+00
-2.419007377606163800e+00
-2.419152745210893407e+00
-2.419297978450526188e+00
-2.419443049000814749e+00
-2.419587985381888018e+00
-2.419732787648936512e+00
-2.419877427606667464e+00
-2.420021933646816059e+00
-2.420166277659669074e+00
-2.420310487951622846e+00
-2.420454536498282572e+00
-2.420598451520961092e+00
-2.420742233075813044e+00
-2.420885853266030896e+00
-2.421029312274944001e+00
-2.421172666023215125e+00
-2.421315830961231264e+00
-2.421458890752091531e+00
-2.421601789841527630e+00
-2.421744528412603792e+00
-2.421887134306999645e+00
-2.422029607582036448e+00
-2.422171920719994098e+00
-2.422314101437212042e+00
-2.422456122299487369e+00
-2.422598010939847057e+00
-2.422739767416274503e+00
-2.422881364419463779e+00
-2.423022829458031602e+00
-2.423164135305556410e+00
-2.423305309387964623e+00
-2.423446324561465026e+00
-2.423587235330856071e+00
-2.423727960271052861e+00
-2.423868580925042426e+00
-2.424009016114072601e+00
-2.424149347135229782e+00
-2.424289520012023580e+00
-2.424429561842279313e+00
-2.424569445810413892e+00
-2.424709198932792020e+00
-2.424848794475212621e+00
-2.424988259372827581e+00
-2.425127593685727057e+00
-2.425266770801406402e+00
-2.425405817533749175e+00
-2.425544733943237219e+00
-2.425683493538515201e+00
-2.425822123012735698e+00
-2.425960595954941290e+00
-2.426098938978038966e+00
-2.426237152143096765e+00
-2.426375209159383317e+00
-2.426513136519981462e+00
-2.426650908013945784e+00
-2.426788550054714833e+00
-2.426926062703926856e+00
-2.427063419869948113e+00
-2.427200647847291393e+00
-2.427337746697962650e+00
-2.427474690449100247e+00
-2.427611505276820125e+00
-2.427748165287079818e+00
-2.427884696577302659e+00
-2.428021099210040834e+00
-2.428157347409118039e+00
-2.428293467154451157e+00
-2.428429458508946315e+00
-2.428565295813757796e+00
-2.428701004931821394e+00
-2.428836585926392733e+00
-2.428972013255422446e+00
-2.459289811841803619e+00
-2.459394428498617557e+00
-2.459498956627455435e+00
-2.459603361513337472e+00
-2.459707660648921212e+00
-2.459811854115580676e+00
-2.459915941994724964e+00
-2.460019941621823580e+00
-2.460123818544223795e+00
-2.460227590123577723e+00
-2.460331273617343495e+00
-2.460434834729310793e+00
-2.460538290742998679e+00
-2.460641641740048069e+00
-2.460744904874445638e+00
-2.460848046057462657e+00
-2.460951099489737448e+00
-2.461054031185813340e+00
-2.461156858273994885e+00
-2.461259597779799524e+00
-2.461362215872086701e+00
-2.461464746494594014e+00
-2.461567172785654289e+00
-2.461669477985830579e+00
-2.461771695885643041e+00
-2.461873809700215965e+00
-2.461975802746438902e+00
-2.462077708662308240e+00
-2.462179510739387567e+00
-2.462281209059892007e+00
-2.462382803706061996e+00
-2.462484294760162395e+00
-2.462585682304482937e+00
-2.462686966421338663e+00
-2.462788147193066379e+00
-2.462889224702028201e+00
-2.462990199030609784e+00
-2.463091086749843228e+00
-2.463191854939990488e+00
-2.463292520197085000e+00
-2.463393099017580301e+00
-2.463493558631209890e+00
-2.463593931923714120e+00
-2.463694202563764701e+00
-2.463794354319060353e+00
-2.463894419926895285e+00
-2.463994383130311494e+00
-2.464094244012038804e+00
-2.464194002654824800e+00
-2.464293659141437498e+00
-2.464393213554661344e+00
-2.464492665977299879e+00
-2.464592032610925632e+00
-2.464691281276511603e+00
-2.464790444270128944e+00
-2.464889489510228238e+00
-2.464988449195615772e+00
-2.465087307339238532e+00
-2.465186048050989509e+00
-2.465284703384325926e+00
-2.465383257424992536e+00
-2.465481710256061554e+00
-2.465580077837412620e+00
-2.465678328474567582e+00
-2.465776478151463280e+00
-2.465874542756142151e+00
-2.465972490738028267e+00
-2.466070353766288470e+00
-2.466168116119281439e+00
-2.466265777880290777e+00
-2.466363339132613852e+00
-2.466460799959556027e+00
-2.466558160444435099e+00
-2.466655436285406733e+00
-2.466752596312554058e+00
-2.466849671815352085e+00
-2.466946631718300420e+00
-2.467043507216637455e+00
-2.467140282826179920e+00
-2.467236958630418364e+00
-2.467333534712850440e+00
-2.467430026584009450e+00
-2.467526403450037709e+00
-2.467622696225264978e+00
-2.467718874209110513e+00
-2.467814968222796335e+00
-2.467910962969535049e+00
-2.468006858532977965e+00
-2.468102670261337561e+00
-2.468198367686092354e+00
-2.468293966178570109e+00
-2.468389481017891907e+00
-2.468484897046351101e+00
-2.468580214347730450e+00
-2.468675433005817155e+00
-2.468770553104400634e+00
-2.468865589808241889e+00
-2.468960513016408509e+00
-2.469055352951909033e+00
-2.469150094617679425e+00
-2.469244738097624570e+00
-2.469339283475649793e+00
-2.469433730835662200e+00
-2.469528080261569336e+00
-2.469622346736869645e+00
-2.469716515400844248e+00
-2.469810586337503722e+00
-2.469904559630858643e+00
-2.469998435364917810e+00
-2.470092228411025381e+00
-2.470185909256167101e+00
-2.470279507536738972e+00
-2.470373008549509031e+00
-2.470466412378579779e+00
-2.470559733783978640e+00
-2.470652943475764474e+00
-2.470746070867774868e+00
-2.470839101368270452e+00
-2.470932035061438992e+00
-2.471024872031461594e+00
-2.471117612362516258e+00
-2.471210270660145092e+00
-2.471302832443253994e+00
-2.471395297796105339e+00
-2.471487666802957062e+00
-2.471579939548059102e+00
-2.471672130527621913e+00
-2.471764225370356449e+00
-2.471856224160593030e+00
-2.471948126982655314e+00
-2.472039933920859855e+00
-2.472131659362900802e+00
-2.472223274764689727e+00
-2.472314808795740060e+00
-2.472406261475679656e+00
-2.472497604390098580e+00
-2.472588866079170167e+00
-2.472680032388716143e+00
-2.472771103403179183e+00
-2.472862079206993080e+00
-2.472952959884579194e+00
-2.473043759609027337e+00
-2.473134464333477833e+00
-2.473225074142416879e+00
-2.473315589120321345e+00
-2.473406023355354311e+00
-2.473496362885941213e+00
-2.473586607796619319e+00
-2.473676758171912127e+00
-2.473766828015564467e+00
-2.473856803450768638e+00
-2.473946684562106757e+00
-2.474036471434146289e+00
-2.474126164151440044e+00
-2.474215776612894047e+00
-2.474305295046911546e+00
-2.474394719538098641e+00
-2.474484063922870014e+00
-2.474573300761369943e+00
-2.474662457621086720e+00
-2.474751520834834295e+00
-2.474840504156114118e+00
-2.474929393959337975e+00
-2.475018190329191015e+00
-2.475106893350341064e+00
-2.475195503107437744e+00
-2.475284033251011984e+00
-2.475372470258776936e+00
-2.475460814215423966e+00
-2.475549078710107764e+00
-2.475637250282181956e+00
-2.475725329016376097e+00
-2.475813314997399761e+00
-2.475901221732970559e+00
-2.475989035844160746e+00
-2.476076757415714980e+00
-2.476164386532357486e+00
-2.476251936620855520e+00
-2.476339394383501258e+00
-2.476426759905050456e+00
-2.476514046551897774e+00
-2.476601227825362628e+00
-2.476688343594989128e+00
-2.476775354160778431e+00
-2.476862286070605546e+00
-2.476949126167734327e+00
-2.477035874536951621e+00
-2.477122544404802174e+00
-2.477209122674520536e+00
-2.477295609430915313e+00
-2.477382004758768907e+00
-2.477468321805357920e+00
-2.477554547553419528e+00
-2.477640695110816971e+00
-2.477726738496524472e+00
-2.477812703821794305e+00
-2.477898591112485782e+00
-2.477984374505593390e+00
-2.478070079994556529e+00
-2.478155694700101996e+00
-2.478241231592943628e+00
-2.478326677833002645e+00
-2.478412033505119183e+00
-2.478497311521679958e+00
-2.478582486292943532e+00
-2.478667596328311351e+00
-2.478752603288053802e+00
-2.478837532815346467e+00
-2.478922372206218583e+00
-2.479007134257183331e+00
-2.479091806302928358e+00
-2.479176388428311562e+00
-2.479260880718160642e+00
-2.479345295892289247e+00
-2.479429621362262193e+00
-2.479513869809758297e+00
-2.479598028684649069e+00
-2.479682098071789742e+00
-2.479766078056004908e+00
-2.479849981242960411e+00
-2.479933807660650746e+00
-2.480017532371106892e+00
-2.480101180444174158e+00
-2.480184751908096619e+00
-2.480268221938181750e+00
-2.480351615491153794e+00
-2.480434932595504183e+00
-2.480518148539299528e+00
-2.480601300518239682e+00
-2.480684351506301955e+00
-2.480767326272836026e+00
-2.480850212551097833e+00
-2.480933022702979773e+00
-2.481015744499062148e+00
-2.481098378024170881e+00
-2.481180935584601510e+00
-2.481263405006665312e+00
-2.481345786375170004e+00
-2.481428091941062952e+00
-2.481510309586133278e+00
-2.481592451524596399e+00
-2.481674505675111497e+00
-2.481756472122479185e+00
-2.481838363025979266e+00
-2.481920166359326885e+00
-2.482001894245343454e+00
-2.482083534694335292e+00
-2.482165087791087910e+00
-2.482246565603897004e+00
-2.482327956197706076e+00
-2.482409271604622880e+00
-2.482490499925904537e+00
-2.482571641246315686e+00
-2.482652707543846038e+00
-2.482733686973972898e+00
-2.482814579621428486e+00
-2.482895397410328275e+00
-2.482976140371648821e+00
-2.483056796732828531e+00
-2.483137366578609395e+00
-2.483217861761701339e+00
-2.483298270563189192e+00
-2.483378593067776308e+00
-2.483458841074859258e+00
-2.483539002918920602e+00
-2.483619090363974991e+00
-2.483699091779994816e+00
-2.483779018895717172e+00
-2.483858860116497702e+00
-2.483938615526998461e+00
-2.484018296803199188e+00
-2.484097903977124489e+00
-2.484177425524570992e+00
-2.484256861530194982e+00
-2.484336212078610995e+00
-2.484415500262448173e+00
-2.484494691601993654e+00
-2.484573809172535341e+00
-2.484652853006595663e+00
-2.484731811702173054e+00
-2.484810685343862957e+00
-2.484889485416319488e+00
-2.484968200569491970e+00
-2.485046842253592292e+00
-2.485125399153097714e+00
-2.485203882683881815e+00
-2.485282281564844098e+00
-2.485360595880508061e+00
-2.485438836995393252e+00
-2.485517004942789487e+00
-2.485595088510127226e+00
-2.485673087781905100e+00
-2.485751014054579766e+00
-2.485828867361723482e+00
-2.485984321730519753e+00
-2.486061934105441740e+00
-2.486139462589964655e+00
-2.486216918379210217e+00
-2.486294290413242347e+00
-2.486371589853607400e+00
-2.486448805674012608e+00
-2.486525949002528435e+00
-2.486603008846402396e+00
-2.486679996300328988e+00
-2.486756900404994752e+00
-2.486833732221819027e+00
-2.486910480824822134e+00
-2.486987157242249058e+00
-2.487063750581354427e+00
-2.487140271837305239e+00
-2.487216710150490062e+00
-2.487293076483096943e+00
-2.487369360008547137e+00
-2.487445571656149212e+00
-2.487521700632255861e+00
-2.487597757833393430e+00
-2.487673732498745682e+00
-2.487749635492157108e+00
-2.487825456085540399e+00
-2.487901205110155001e+00
-2.487976882601392603e+00
-2.488052467165482007e+00
-2.488127991030476771e+00
-2.488203432818869132e+00
-2.488278792614795343e+00
-2.488354081152342800e+00
-2.488429298467257578e+00
-2.488504433977544394e+00
-2.488579498369067888e+00
-2.488654481092019033e+00
-2.488729392800207663e+00
-2.488804222975912861e+00
-2.488878982240986026e+00
-2.488953660109695765e+00
-2.489028267172032738e+00
-2.489102792974156042e+00
-2.489177258548569416e+00
-2.489251632508836742e+00
-2.489325935871645967e+00
-2.489400168673506109e+00
-2.489474320539916352e+00
-2.489548401950135936e+00
-2.489622402561214809e+00
-2.489696332820978686e+00
-2.489770192766236789e+00
-2.489843972101224878e+00
-2.489917670909776781e+00
-2.489991309878584413e+00
-2.490064858140297321e+00
-2.490138346636387112e+00
-2.490211754847767800e+00
-2.490285082858211485e+00
-2.490358340975276974e+00
-2.490431529236268648e+00
-2.490504637485609685e+00
-2.490577675984547490e+00
-2.490650634608389424e+00
-2.490723523587599519e+00
-2.490796342959760601e+00
-2.490869082646363974e+00
-2.490941752831907330e+00
-2.491014343468531678e+00
-2.491086864710180482e+00
-2.491159316594706130e+00
-2.491231689120083193e+00
-2.491303992394630296e+00
-2.491376216446738567e+00
-2.491448371354400226e+00
-2.491520457155730117e+00
-2.491592463924604317e+00
-2.491664401693729491e+00
-2.491736270501387907e+00
-2.491808060466732311e+00
-2.491879771673173316e+00
-2.491951423982555536e+00
-2.492022997639894655e+00
-2.492094492728560429e+00
-2.492165919176337674e+00
-2.492237277021842168e+00
-2.492308566303764295e+00
-2.492379777260962381e+00
-2.492450909976709372e+00
-2.492521984074834940e+00
-2.492592980038811135e+00
-2.492663897951864715e+00
-2.492734757349313490e+00
-2.492805538803314569e+00
-2.492876242397047193e+00
-2.492946877895671598e+00
-2.493017445338345794e+00
-2.493087944764299291e+00
-2.493158366574622420e+00
-2.493228710852386509e+00
-2.493298996898801079e+00
-2.493369205520524989e+00
-2.493439346380652122e+00
-2.493509409953106104e+00
-2.493579405871986232e+00
-2.493649334176886168e+00
-2.493719185385175230e+00
-2.493788969087656682e+00
-2.493858685324064073e+00
-2.493928334134195790e+00
-2.493997906093063932e+00
-2.494067401283515117e+00
-2.494136838660871991e+00
-2.494206199378273148e+00
-2.494275492926272264e+00
-2.494344709951390460e+00
-2.494413859915703746e+00
-2.494482942859347130e+00
-2.494551958822519122e+00
-2.494620898508594919e+00
-2.494689771323013616e+00
-2.494758577306102065e+00
-2.494827307203633104e+00
-2.494895970378773420e+00
-2.494964566871975542e+00
-2.495033087471214550e+00
-2.495101541497575681e+00
-2.495169928991634478e+00
-2.495238240783375971e+00
-2.495306495348723175e+00
-2.495374674321008790e+00
-2.495442777782687305e+00
-2.495510824126342175e+00
-2.495578795068756239e+00
-2.495646699819757508e+00
-2.495714529306629181e+00
-2.495782292711559602e+00
-2.495849990075537317e+00
-2.495917621439607714e+00
-2.495985177786196996e+00
-2.496052668242527250e+00
-2.496120092849755778e+00
-2.496187451649096722e+00
-2.496254735677781778e+00
-2.496321954008395405e+00
-2.496389106682259218e+00
-2.496456193740750784e+00
-2.496523206275575113e+00
-2.496590153305002335e+00
-2.496657034870515268e+00
-2.496723842104438873e+00
-2.496790592880254067e+00
-2.496857269434606508e+00
-2.496923871849468402e+00
-2.496990417917692717e+00
-2.497056889956630332e+00
-2.497123296876897935e+00
-2.497189638720285210e+00
-2.497255915528634684e+00
-2.497322118555082682e+00
-2.497388256656898786e+00
-2.497454329876020118e+00
-2.497520338254434868e+00
-2.497586273098436394e+00
-2.497652143212266029e+00
-2.497717948638003449e+00
-2.497783689417779396e+00
-2.497849356910717855e+00
-2.497914968538281766e+00
-2.497980506989722738e+00
-2.498045980990362569e+00
-2.498111381951837018e+00
-2.498176727190916324e+00
-2.498241999501655375e+00
-2.498307207557135534e+00
-2.498372351399805513e+00
-2.498437422506501804e+00
-2.498502438064029718e+00
-2.498567380996568055e+00
-2.498632259912350051e+00
-2.498697074853999833e+00
-2.498761817363058579e+00
-2.498826504497339673e+00
-2.498891119310159947e+00
-2.498955670345389457e+00
-2.499020157645818863e+00
-2.499084581254281456e+00
-2.499148932789329258e+00
-2.499213229155269556e+00
-2.499277453559107798e+00
-2.499341614468121087e+00
-2.499405703551790481e+00
-2.499469737612834308e+00
-2.499533699959921140e+00
-2.499597607345233730e+00
-2.499661443128069038e+00
-2.499725215699795999e+00
-2.499788925103603621e+00
-2.499852563097393787e+00
-2.499916146307612941e+00
-2.499979658219401824e+00
-2.500043107161381339e+00
-2.500106493176885714e+00
-2.500169816309288695e+00
-2.500233076602003113e+00
-2.500296265900413317e+00
-2.500359392470858477e+00
-2.500422464530120958e+00
-2.500485465762744219e+00
-2.500548404397958002e+00
-2.500611280479349663e+00
-2.500674085926536616e+00
-2.500736837043477045e+00
-2.500799517638094382e+00
-2.500862143965308704e+00
-2.500924699882155711e+00
-2.500987193531859720e+00
-2.501049624958210149e+00
-2.501111986166583812e+00
-2.501174293289890382e+00
-2.501236538321409242e+00
-2.501298713303013788e+00
-2.501360826304915630e+00
-2.501422885348949521e+00
-2.501484874511260781e+00
-2.501546801825827337e+00
-2.501608659394926715e+00
-2.501670463158184532e+00
-2.501732205205922543e+00
-2.501793877676471656e+00
-2.501855496437594972e+00
-2.501917045733782263e+00
-2.501978541385067256e+00
-2.502039967683726829e+00
-2.502101332555953128e+00
-2.502162636046031619e+00
-2.502223878198279738e+00
-2.502285051246311287e+00
-2.502346170867778330e+00
-2.502407229284532075e+00
-2.502468218765639740e+00
-2.502529154918067711e+00
-2.502590022247285440e+00
-2.502650836313312865e+00
-2.502711581668612073e+00
-2.502772266109605237e+00
-2.502832889680854489e+00
-2.502893452426950383e+00
-2.502953954392513225e+00
-2.503014395622189525e+00
-2.503074776160655546e+00
-2.503135096052613306e+00
-2.503195355342792805e+00
-2.503255546451968794e+00
-2.503315684684413789e+00
-2.503375762449415731e+00
-2.503435772202343923e+00
-2.503495729178466966e+00
-2.503555618255174586e+00
-2.503615454621905823e+00
-2.503675223201913269e+00
-2.503734931606654612e+00
-2.503794587401973804e+00
-2.503854175579657948e+00
-2.503913703716982742e+00
-2.503973171858961511e+00
-2.504032580050629342e+00
-2.504091935801291857e+00
-2.504151224216263127e+00
-2.504210452816193033e+00
-2.504269621646211696e+00
-2.504328730751472332e+00
-2.504387780177150802e+00
-2.504446769968446063e+00
-2.504505700170578386e+00
-2.504564570828791137e+00
-2.504623381988348108e+00
-2.504682133694536184e+00
-2.504740825992663122e+00
-2.504799458928056666e+00
-2.504858032546066759e+00
-2.504916546892063334e+00
-2.504975002011437635e+00
-2.505033397949600005e+00
-2.505091734751981658e+00
-2.505150012464033349e+00
-2.505208231131224483e+00
-2.505266390799046228e+00
-2.505324491513005736e+00
-2.505382533318631921e+00
-2.505440516261470574e+00
-2.505498440387087022e+00
-2.505556305741063472e+00
-2.505614112369002111e+00
-2.505671867482085702e+00
-2.505729556783992784e+00
-2.505787187496788526e+00
-2.505844759666143506e+00
-2.505902280460089226e+00
-2.505959735668880306e+00
-2.506017132471362263e+00
-2.506074478003371908e+00
-2.506131758119749975e+00
-2.506188987035780968e+00
-2.506246150649200199e+00
-2.506303263132525938e+00
-2.506360310426256621e+00
-2.506417306660272626e+00
-2.506474244833134968e+00
-2.506531124990753590e+00
-2.506587947179053089e+00
-2.506644711443970941e+00
-2.506701417831460610e+00
-2.506758066387487549e+00
-2.506814657158031423e+00
-2.506871190189086107e+00
-2.506927665526657467e+00
-2.506984090137344356e+00
-2.507040450215562100e+00
-2.507096759638084649e+00
-2.507153004641191618e+00
-2.507209199059906801e+00
-2.507265336040683579e+00
-2.507321408771604254e+00
-2.507377431025303416e+00
-2.507433395979505875e+00
-2.507489303680385362e+00
-2.507545160990822364e+00
-2.507600954313323971e+00
-2.507656690521109510e+00
-2.507712376446228575e+00
-2.507767998552988598e+00
-2.507823570449067674e+00
-2.507879085394928875e+00
-2.507934543436875163e+00
-2.507989944621220157e+00
-2.508045288994286803e+00
-2.508100576602406040e+00
-2.508155814196138422e+00
-2.508210988403262398e+00
-2.508266112668471770e+00
-2.508321173660092107e+00
-2.508376184782364682e+00
-2.508431139397748311e+00
-2.508486037552678738e+00
-2.508540885927210695e+00
-2.508595671290545059e+00
-2.508650406946367983e+00
-2.508705079703995811e+00
-2.508759702827088045e+00
-2.508814269748590675e+00
-2.508868780515033592e+00
-2.508923235172952459e+00
-2.508977640322718639e+00
-2.509031982893314527e+00
-2.509086276029078633e+00
-2.509140513222783753e+00
-2.509194694521038826e+00
-2.509248819970457678e+00
-2.509302889617659016e+00
-2.509356903509265102e+00
-2.509410868166912945e+00
-2.509464777142653702e+00
-2.509518630483169588e+00
-2.509572428235145036e+00
-2.509626170445268034e+00
-2.509679863586456339e+00
-2.509733494843243928e+00
-2.509787077105095410e+00
-2.509840603992532948e+00
-2.509894075552305370e+00
-2.509947498208974004e+00
-2.510000859244034377e+00
-2.510054171450252891e+00
-2.510107428496622273e+00
-2.510160630429946860e+00
-2.510213783626792150e+00
-2.510266875464881142e+00
-2.510319912330362779e+00
-2.510372906872256671e+00
-2.510425833913912275e+00
-2.510478718687569888e+00
-2.510531548637921606e+00
-2.510584323811867691e+00
-2.510637044256309736e+00
-2.510689710018148890e+00
-2.510742321144286748e+00
-2.510794877681624016e+00
-2.510847392108885856e+00
-2.510899839590536864e+00
-2.510952245018392759e+00
-2.511004596007613721e+00
-2.511056892605183499e+00
-2.511109134858085401e+00
-2.511161322813300512e+00
-2.511213456517808140e+00
-2.511265536018586264e+00
-2.511317573626353994e+00
-2.511369544842065871e+00
-2.511421474221701367e+00
-2.511473349548571488e+00
-2.511525170869728374e+00
-2.511576938232220169e+00
-2.511628651683095015e+00
-2.511680323403979731e+00
-2.511731929154406462e+00
-2.511783493232296660e+00
-2.511834991470534018e+00
-2.511886448093786584e+00
-2.511937851051230464e+00
-2.511989200389970645e+00
-2.512040508163897012e+00
-2.512091750388384614e+00
-2.512142951106009381e+00
-2.512194086404724747e+00
-2.512245180254621513e+00
-2.512296220732338270e+00
-2.512347207885030631e+00
-2.512398141759848880e+00
-2.512449034266321046e+00
-2.512499861708894500e+00
-2.512550647841593321e+00
-2.512601380849244670e+00
-2.512652060779052565e+00
-2.512702687678214364e+00
-2.512753261593921650e+00
-2.512803782573358014e+00
-2.512854262383415804e+00
-2.512904689316127538e+00
-2.512955063418738533e+00
-2.513005384738487002e+00
-2.513055653322603167e+00
-2.513105869218310584e+00
-2.513156044086661822e+00
-2.513206154729638264e+00
-2.513256224404615935e+00
-2.513306241545028907e+00
-2.513356206198140708e+00
-2.513406129937547195e+00
-2.513455989740395857e+00
-2.513505808689237231e+00
-2.513555563830881301e+00
-2.513605278178287161e+00
-2.513654951726719933e+00
-2.513704561627170708e+00
-2.513754119383727392e+00
-2.513803636431366506e+00
-2.513853101395206124e+00
-2.513902514322569282e+00
-2.513951875260767910e+00
-2.514001184257103283e+00
-2.514050452660785862e+00
-2.514099669183015529e+00
-2.514148833871141520e+00
-2.514197946772501968e+00
-2.514247007934423905e+00
-2.514296017404221928e+00
-2.514344986429020601e+00
-2.514393903822441878e+00
-2.514442769631844765e+00
-2.514491583904578054e+00
-2.514540346687977213e+00
-2.514589069144806288e+00
-2.514637740173339964e+00
-2.522438983605252982e+00
-2.522479709575363049e+00
-2.522520390993215234e+00
-2.522561036384568744e+00
-2.522601637291416843e+00
-2.522642202213903229e+00
-2.522682722719701953e+00
-2.522723198855509885e+00
-2.522763639083160925e+00
-2.522804035008679335e+00
-2.522844395068474910e+00
-2.522884710894059079e+00
-2.522924982532081195e+00
-2.522965218380929908e+00
-2.523005410110172875e+00
-2.523045566092966041e+00
-2.523085678024170164e+00
-2.523125745950386634e+00
-2.523165778207033139e+00
-2.523205766526739335e+00
-2.523245719219878946e+00
-2.523285628044183326e+00
-2.523325501285055950e+00
-2.523365330725254818e+00
-2.523405116411318705e+00
-2.523444866591308511e+00
-2.523484573085349680e+00
-2.523524235939936133e+00
-2.523563871530379643e+00
-2.523603455372814164e+00
-2.523643003830235987e+00
-2.523682508784692580e+00
-2.523721978397800214e+00
-2.523761404576251977e+00
-2.523800795457141977e+00
-2.523840142971735645e+00
-2.523879447166445633e+00
-2.523918716141688723e+00
-2.523957949907289944e+00
-2.523997132413723588e+00
-2.524036287796515232e+00
-2.524075392012871788e+00
-2.524114461132183962e+00
-2.524153495164489502e+00
-2.524192486150681702e+00
-2.524231442094253541e+00
-2.524270347115116220e+00
-2.524309225095016984e+00
-2.524348060165931162e+00
-2.524386852374146173e+00
-2.524425609663139003e+00
-2.524464324158031570e+00
-2.524502995905058000e+00
-2.524541632811891922e+00
-2.524580234889053809e+00
-2.524618794309406944e+00
-2.524657311119152592e+00
-2.524695793178510339e+00
-2.524734240498179627e+00
-2.524772637508024165e+00
-2.524811007625568759e+00
-2.524849335292503660e+00
-2.524887620554974177e+00
-2.524925863459087427e+00
-2.524964079514438353e+00
-2.525002245536724477e+00
-2.525040377023868299e+00
-2.525078473986936523e+00
-2.525116528751938816e+00
-2.525154549038432616e+00
-2.525192527195725400e+00
-2.525230463269845238e+00
-2.525306224606937988e+00
-2.525344049915671629e+00
-2.525381840883154538e+00
-2.525419589928159958e+00
-2.525457297096649345e+00
-2.525494970004309891e+00
-2.525532601104385044e+00
-2.525570197989674970e+00
-2.525607760671825019e+00
-2.525645274114341365e+00
-2.525682760935425542e+00
-2.525720198608622180e+00
-2.525757609683932259e+00
-2.525794979181773758e+00
-2.525832307147990896e+00
-2.525869601084520522e+00
-2.525906853558462117e+00
-2.525944072049206568e+00
-2.525981249146417085e+00
-2.526018392307007421e+00
-2.526055494143134794e+00
-2.526092562089302884e+00
-2.526203540644298418e+00
-2.526240458498095975e+00
-2.526277335234754062e+00
-2.526314178221945816e+00
-2.526350980161127691e+00
-2.526387748397829647e+00
-2.526424482944538141e+00
-2.526461176535940378e+00
-2.526497829217642987e+00
-2.526680552695249826e+00
-2.526753385766568716e+00
-2.526789748509494782e+00
-2.526826070643204414e+00
-2.526862359370933397e+00
-2.526898607558690557e+00
-2.526934822388062774e+00
-2.527259102021976123e+00
-2.527294949082779407e+00
-2.527330763037606509e+00
-2.527366536892072801e+00
-2.527402277688638232e+00
-2.527437978454147860e+00
-2.527473646209895453e+00
-2.527509280969426175e+00
-2.527544875791330803e+00
-2.527580437665295054e+00
-2.527615959670979073e+00
-2.527651448777060050e+00
-2.527686898084200884e+00
-2.527722314540133297e+00
-2.527898856581684228e+00
-2.527934062613637956e+00
-2.527969229103307569e+00
-2.528004356095719718e+00
-2.528039450445143999e+00
-2.528074512165650489e+00
-2.528109534482643639e+00
-2.528144524219534617e+00
-2.528179474622288314e+00
-2.528214392493806972e+00
-2.528249277848324539e+00
-2.528284123962553753e+00
-2.528318937608768913e+00
-2.528388454140427122e+00
-2.528423157095248897e+00
-2.528457827680172354e+00
-2.528527065131556562e+00
-2.528561632047212182e+00
-2.528768296560459206e+00
-2.528802618072915731e+00
-2.528836907456475824e+00
-2.528871158159400334e+00
-2.528905376782927483e+00
-2.528939556795200883e+00
-2.529041898195446780e+00
-2.529075943680503702e+00
-2.529109957215238236e+00
-2.529143932327126532e+00
-2.529177875538431763e+00
-2.529211780396273035e+00
-2.529245653403306537e+00
-2.529279494574667719e+00
-2.529347068613231109e+00
-2.529380801549796942e+00
-2.529414509160003099e+00
-2.529448172230506220e+00
-2.529716293132443727e+00
-2.529749659024774999e+00
-2.529782987104872927e+00
-2.529816283711195712e+00
-2.529849542574620802e+00
-2.529882770014551863e+00
-2.529915966046650144e+00
-2.529949124430330265e+00
-2.529982251456538656e+00
-2.530015347141020499e+00
-2.530048405271594802e+00
-2.530081432110882211e+00
-2.530114427674707844e+00
-2.530147385779167646e+00
-2.530180312658680819e+00
-2.530213208329153307e+00
-2.530246066634828317e+00
-2.530278893782050620e+00
-2.530311689786806095e+00
-2.530475154382172409e+00
-2.530507751748907630e+00
-2.530540312034665007e+00
-2.530605339748100313e+00
-2.530637801147542998e+00
-2.530670231655961278e+00
-2.530702631289640347e+00
-2.530831891374282883e+00
-2.530864124931528458e+00
-2.530896327748727970e+00
-2.530928493863590756e+00
-2.530960635259168701e+00
-2.530992734042798897e+00
-2.531024808140178717e+00
-2.531280211098766664e+00
-2.531311992562070845e+00
-2.531343737727417498e+00
-2.531375458345168639e+00
-2.531407142716301184e+00
-2.531438790884188883e+00
-2.531470408719147525e+00
-2.531533553457764096e+00
-2.531565080395248746e+00
-2.531596571275616991e+00
-2.531628031925215794e+00
-2.531659462361035562e+00
-2.531690856834481806e+00
-2.531722221145660257e+00
-2.532373600063586583e+00
-2.532465527715374698e+00
-2.532526659118642609e+00
-2.532557183199976247e+00
-2.532587666671023641e+00
-2.532618126129065228e+00
-2.533131214427782218e+00
-2.533161118746233065e+00
-2.533190999299927526e+00
-2.533250662400080788e+00
-2.533280450344496781e+00
-2.533339933798983257e+00
-2.533369629361354569e+00
-2.533986354997472823e+00
