#HI lines from http://www.pa.uky.edu/~peter/atomic/
#(vacuum wavelength in micron)
wavelength  n'  n
0.8235470  3  50
0.8236697  3  49
0.8238002  3  48
0.8239391  3  47
0.8240873  3  46
0.8242455  3  45
0.8244147  3  44
0.8245959  3  43
0.8247903  3  42
0.8249992  3  41
0.8252241  3  40
0.8254666  3  39
0.8257287  3  38
0.8260125  3  37
0.8263205  3  36
0.8266556  3  35
0.8270209  3  34
0.8274204  3  33
0.8278583  3  32
0.8283398  3  31
0.8288709  3  30
0.8294587  3  29
0.8301115  3  28
0.8308395  3  27
0.8316545  3  26
0.8325712  3  25
0.8336073  3  24
0.8347846  3  23
0.8361300  3  22
0.8376776  3  21
0.8394702  3  20
0.8415629  3  19
0.8440273  3  18
0.8469580  3  17
0.8504819  3  16
0.8547730  3  15
0.8600754  3  14
0.8667398  3  13
0.8752875  3  12
0.8865217  3  11
0.9017385  3  10
0.9231547  3  9
0.9548590  3  8
1.0052128  3  7
1.0941090  3  6
1.282159   3  5
1.4682122  4  50
1.4686023  4  49
1.4690172  4  48
1.4694591  4  47
1.4699305  4  46
1.4704339  4  45
1.4709725  4  44
1.4715495  4  43
1.4721687  4  42
1.4728343  4  41
1.4735512  4  40
1.4743247  4  39
1.4751609  4  38
1.4760670  4  37
1.4770509  4  36
1.4781217  4  35
1.4792903  4  34
1.4805687  4  33
1.4819715  4  32
1.4835152  4  31
1.4852195  4  30
1.4871078  4  29
1.4892076  4  28
1.4915520  4  27
1.4941809  4  26
1.4971425  4  25
1.5004961  4  24
1.5043147  4  23
1.5086896  4  22
1.5137357  4  21
1.5195996  4  20
1.5264708  4  19
1.5345982  4  18
1.5443139  4  17
1.5560699  4  16
1.5704952  4  15
1.5884880  4  14
1.6113714  4  13
1.6411674  4  12
1.6811111  4  11
1.7366850  4  10
1.8179084  4  9
1.875613   3  4
1.9450871  4  8
2.166120   4  7
2.3024262  5  50
2.3033856  5  49
2.3044064  5  48
2.3054940  5  47
2.3066545  5  46
2.3078945  5  45
2.3092215  5  44
2.3106438  5  43
2.3121708  5  42
2.3138132  5  41
2.3155829  5  40
2.3174936  5  39
2.3195606  5  38
2.3218015  5  37
2.3242368  5  36
2.3268895  5  35
2.3297866  5  34
2.3329593  5  33
2.3364440  5  32
2.3402834  5  31
2.3445277  5  30
2.3492365  5  29
2.3544810  5  28
2.3603466  5  27
2.3669366  5  26
2.3743770  5  25
2.3828230  5  24
2.3924675  5  23
2.4035523  5  22
2.4163852  5  21
2.4313620  5  20
2.4490002  5  19
2.4699873  5  18
2.4952543  5  17
2.5260903  5  16
2.5643270  5  15
2.6126477  5  14
2.625867   4  6
2.6751312  5  13
2.7582676  5  12
2.8729959  5  11
3.0392022  5  10
3.296992   5  9
3.3302973  6  50
3.3323048  6  49
3.3344417  6  48
3.3367195  6  47
3.3391508  6  46
3.3417499  6  45
3.3445328  6  44
3.3475171  6  43
3.3507231  6  42
3.3541734  6  41
3.3578936  6  40
3.3619129  6  39
3.3662645  6  38
3.3709864  6  37
3.3761222  6  36
3.3817222  6  35
3.3878448  6  34
3.3945578  6  33
3.4019405  6  32
3.4100862  6  31
3.4191052  6  30
3.4291289  6  29
3.4403146  6  28
3.4528522  6  27
3.4669726  6  26
3.4829594  6  25
3.5011637  6  24
3.5220251  6  23
3.5461005  6  22
3.5741046  6  21
3.6069680  6  20
3.6459233  6  19
3.6926335  6  18
3.740556   5  8
3.7493933  6  17
3.8194512  6  16
3.9075486  6  15
4.0208675  6  14
4.052262   4  5
4.1707940  6  13
4.3764544  6  12
4.5569491  7  50
4.5607085  7  49
4.5647122  7  48
4.5689819  7  47
4.5735419  7  46
4.5784193  7  45
4.5836445  7  44
4.5892517  7  43
4.5952795  7  42
4.6017713  7  41
4.6087766  7  40
4.6163516  7  39
4.6245604  7  38
4.6334768  7  37
4.6431854  7  36
4.653778   5  7
4.6537842  7  35
4.6653871  7  34
4.672509   6  11
4.6781270  7  33
4.6921600  7  32
4.7076701  7  31
4.7248760  7  30
4.7440394  7  29
4.7654750  7  28
4.7895651  7  27
4.8167779  7  26
4.8476918  7  25
4.8830293  7  24
4.9237036  7  23
4.9708833  7  22
5.0260868  7  21
5.0913193  7  20
5.128657   6  10
5.1692801  7  19
5.2636836  7  18
5.3797743  7  17
